1	-1.09829739553318	0.238679261945763	-0.511951623403022	0.811477510283691	-0.357864123450449	0.157825351319662	-0.354481455917527	0.471881884413488	-0.351871413158172	0.32321176416887	-0.47335248543271	0.306626909233135	0.01990059820802	-0.195039325080365	0.000211796099180234	0.108140679355822	0.0232788333076646	0.0176614605830767	-0.206402377315075	0.0987855807531311
1	-1.6160659218628	0.73179712061906	-0.589896752076211	1.17888401220239	-0.871484370947029	0.442028698088494	-0.528630552084102	0.794338905912137	-0.783090753035747	0.598055079581538	-0.769582568856702	0.739038428673286	-0.231498236696377	-0.158771691179322	0.00349409071437817	0.243905248415377	-0.0249706265715968	-0.11102704949733	-0.218683644926335	0.20010409679673
1	-1.78299217481916	0.780832522361397	-0.161063465641373	0.632041453206032	-0.530302478389964	0.187943834901072	-0.12074583876274	0.298218366007399	-0.543292394543168	0.498360726461202	-0.454702851226042	0.307668706599671	0.078590532964139	-0.357445948114019	0.282538698162296	-0.0472621887890862	0.10596915393411	-0.20544631070239	-0.0490302938608919	0.109209457445506
1	-1.89464536348816	0.896490203378271	-0.0029093948181478	0.417852528998782	-0.559177645775199	0.275165181592246	-0.109481818039311	0.247767283671697	-0.496377392092865	0.443628714699896	-0.376609481632535	0.245612267889182	0.111152473344156	-0.347312062952904	0.230989268115858	-0.00154723409795206	0.0662336258326341	-0.198229204908306	0.000780294545863841	0.077827233915843
1	-1.95820214983357	1.07575329677344	-0.205432820860476	0.574695350660034	-0.696400119497958	0.265697141394223	0.0283727450497011	0.233433369373013	-0.571325615178245	0.434880703751726	-0.354517612267034	0.261449133880582	0.0935298145238263	-0.296564192907996	0.179798866204445	0.00191055279428677	0.0432065023973141	-0.133169848728459	-0.0553982260585605	0.10271228716816
1	-1.63971040687948	0.5596297084058	0.157950509572231	0.0952334160813084	-0.0942941204201266	-0.0240143005904112	0.112113744277825	-0.046588537474926	-0.0786341363299313	-0.000153184912904252	-0.0728294747388395	0.0901912230760666	0.087423909370142	-0.0748524078786112	-0.0226000761163132	0.00807473971311289	0.0237588371851493	-0.0828424904790315	-0.00559468903117782	0.0432223522932863
1	-1.89970424327434	0.993047621355826	-0.12290552333114	0.499762788757232	-0.745122493959436	0.350739894719116	0.0847407661572697	0.0210953485369575	-0.250766907392928	0.112281295474103	-0.255509511760887	0.397284204982036	-0.00905851250470556	-0.180475713186619	-0.102346769457802	0.256626630605536	-0.057641116968506	-0.142517796676827	-0.0274386840560719	0.103012407573716
1	-1.7938489277885	0.822848988708318	-0.0170146612849795	0.412781019174121	-0.644811469989987	0.351339784857341	-0.0837866553915283	0.209650758825501	-0.322379865769104	0.104308455110163	-0.217720516284223	0.39835533804107	-0.0470151740164914	-0.267046444401172	0.101569905508611	0.137797760939357	-0.0473772964561007	-0.131924845109586	-0.0626562799157193	0.124816199908582
1	-1.85637707194686	1.07422832140732	-0.343929384434651	0.781155092624925	-1.19868046452541	1.02434636701619	-0.75006411123618	0.842190438401164	-0.793073553479887	0.467091654937141	-0.723093375702411	1.02767306024939	-0.594864379601	0.170839158681297	-0.349066966287278	0.579939958284732	-0.355258474519752	0.031630473616315	-0.138426457160974	0.130973748192628
1	-1.72807670121415	1.23362922202996	-0.616734814104683	0.506269584159579	-0.760926602941808	0.825343509186698	-0.645442371018235	0.565987621097477	-0.371880238415859	0.179782791213233	-0.317776151475447	0.545343382049172	-0.509719667900998	0.259437112947438	-0.265971558231031	0.404418685329775	-0.470561964947886	0.313124685515263	-0.146343491320948	0.0270803330300115
1	-1.4637553264581	1.34732827906173	-0.812171607724566	0.515916414174672	-0.504213719544044	0.359730683357476	-0.353781109624972	0.289415115970101	-0.268885766786245	0.22679366905313	-0.0833732411502321	0.118023130226812	-0.124649339754183	0.0745526887679355	-0.0709080631944111	0.0402939941101206	-0.136003537322321	-0.0372275796020536	0.0670095563588957	-0.121502381128943
1	-1.20253495480411	1.17038116490134	-0.66611756669479	0.623221063314264	-0.592246549161961	0.474647169622969	-0.435280308743941	0.334878044212098	-0.376132172232524	0.363103842894623	-0.270812461217185	0.270742254915766	-0.263332149323932	0.224572395842598	-0.137792857075806	0.022915722011322	0.00402547978722141	-0.147166720835987	0.136910511050505	-0.118023276247433
1	-1.04193485851717	1.1726906327585	-0.555381169572525	0.723548744570904	-0.543750252609991	0.547065574614544	-0.495130945211833	0.499970632078855	-0.505433061494952	0.460464220179039	-0.302094665630675	0.330015551119204	-0.253880809407418	0.228285495626562	-0.0343760115469079	-0.0317600966998129	0.095432590870671	-0.159654430076318	0.131516805769553	-0.057048217655485
1	-0.904833498032228	1.20452183889753	-0.464441580845699	0.834830747807275	-0.48931900938717	0.57740295426066	-0.473064058717151	0.512424081708709	-0.533165071676446	0.366156563548908	-0.293698783754879	0.251418790121696	-0.25334334604018	0.153138626428606	-0.0587045342838012	-0.0357924545079204	0.0494423946432754	-0.138370835178122	0.101723341238265	-0.0492573656583894
1	-0.802569557884259	1.17913688436171	-0.369517257880594	0.757667060491493	-0.376722702902913	0.440642916709324	-0.387497125258261	0.332457562244335	-0.444211740800284	0.199944229662933	-0.233206789764506	0.0822965361427996	-0.13285414197112	-0.0582471866526578	0.00587831242812897	-0.119886594265204	-0.0271116253393025	-0.105938674291461	0.0264063228595951	-0.0640711791149738
1	-0.634174606931785	1.19814013628785	-0.255328325536956	0.879622499240548	-0.304261884034676	0.506308732082396	-0.40721607347088	0.368492145917353	-0.573259175955063	0.184037571211076	-0.37942658455844	-0.00115784019639937	-0.32736484466409	-0.0664586527303381	-0.246168280483111	-0.112284343481891	-0.170788231465731	-0.156717181710222	-0.0103713053090999	-0.132912345869222
1	-0.516215399362562	1.16887723237721	-0.189715398572968	0.901428860850912	-0.285008838276682	0.517100037987887	-0.43638152060051	0.32639993217146	-0.621429011307324	0.139293329688796	-0.42190379777383	-0.0395234194346813	-0.360740677798732	-0.0643224147168521	-0.237015924403087	-0.12103339250778	-0.123957652430666	-0.148956176485259	-0.0119595026354985	-0.125308701738398
1	-0.536712785571442	1.15971932102194	-0.294682325792932	0.91682503717684	-0.440034856511111	0.532785497821397	-0.601653477404645	0.361950836542919	-0.696489746579351	0.199651986318943	-0.41230998304254	0.022935187088681	-0.286363611747601	-0.0474005806977439	-0.144694463787198	-0.147607428748366	-0.0499934868523489	-0.209174465613921	0.0361251536167309	-0.140352878907012
1	-0.585664068121403	1.05281875073076	-0.378459187982472	0.621725336308703	-0.458942120562545	0.373781837407138	-0.586040601574149	0.316817089601154	-0.498129124337878	0.157781445028155	-0.177275304784385	0.0360535709545599	-0.146826523728805	-0.053702548645671	-0.107730795080928	-0.156806219299968	-0.00216441010399344	-0.228437010363348	0.016887357824687	-0.0958512660068322
1	-0.890650721979769	1.03855986264686	-0.484931384631141	0.316890257134793	-0.249326666928001	0.0221051390720492	-0.298659353906573	0.290743381982602	-0.436979896012192	0.368700770268762	-0.225375097208834	0.0727458840344332	-0.0364485512319613	-0.137621007979522	-0.00774747369296968	-0.12508944006335	0.0161372706752613	-0.135658386399701	0.0275332632001543	-0.0741486822226456
1	-1.22269514890614	1.36228134463012	-0.899694387835956	0.684695712539075	-0.526077533822513	0.176122369021338	-0.162606965291035	0.0440252913147055	0.00359355317822622	-0.0791963322555929	0.132178268161835	-0.178757065003447	0.0877256665541723	-0.191631078991769	0.0324287789187561	-0.130214092812987	0.025915860146845	-0.0790396576497512	-0.0300313987658863	-0.0348907889392332
1	-1.18986216924994	1.19976341219453	-0.674096236404752	0.407863964686229	-0.294749997859299	-0.031178726460081	-0.0410598007253946	-0.0217236367875334	0.0677350010903542	-0.0937762328602948	0.122588638403771	-0.0753689839623125	-0.00529750006120723	-0.0793796090333972	-0.0434013971894613	-0.0571457905731435	-0.0417478199301015	-0.034500241084098	-0.0679687357256414	-0.0299229177232249
1	-1.2827215307716	1.23690049887641	-0.673512490574412	0.341935164737584	-0.230399622324752	-0.103999571519534	-0.00749989937713093	-0.0673915520296164	0.145912769000251	-0.168926905367272	0.138849049091206	-0.00153890140908004	-0.0851067578357775	0.0372091467582666	-0.124117359235786	0.0235568116861284	-0.140185339534762	0.0836420670478132	-0.129046802046584	0.0187490823216873
1	-1.32103716543197	1.17215337921861	-0.607443086789401	0.225771457684255	-0.14787019500548	-0.140889003302841	-0.0295880392702955	0.0381421920057673	0.0379763277701944	-0.0748836589640519	0.000897884807670705	0.0906404296377064	-0.11451769141871	-0.00904118198628119	-0.065642011805652	0.0185967054951167	-0.0680518747743575	0.0592937909024624	-0.10167968730961	0.0477623329476099
1	-1.28428385216824	1.07696898313205	-0.430088443923242	0.0244085599746819	0.041856217228465	-0.205328751762895	-0.0787686600970678	0.154979676846927	-0.14107219664999	0.049636292932191	-0.00348651808875218	-0.0344680031651389	-0.0319940932317185	-0.00840672807748756	-0.118087766716165	0.0783927872794846	-0.112327002859143	0.0604404705903829	-0.0890714681008821	0.055411264766143
1	-1.28434993717364	1.0036164050672	-0.351579679653006	-0.0796046736731213	0.0294219622190372	-0.139684297964251	-0.153849153041736	0.168283432404613	-0.0840901242038818	-0.00410619041518886	0.0142501529136553	0.039318179887178	-0.133389855298406	0.0378220901392778	-0.0856585918475519	0.00146791963688155	-0.00248096177724733	-0.0124261912550375	-0.0342229061026282	0.0764136417614936
1	-1.18780605701329	0.823731799058125	-0.213820621144519	-0.114397369564786	0.00239793287247399	-0.0947258705281043	-0.146133112253697	0.131871542900953	-0.0507124951578785	-0.0327668371894681	0.0128631499178544	0.0486585243980356	-0.109872341817415	-0.0209157587254288	-0.0156522284051495	-0.0639243778035995	0.0431491639928708	-0.0579650702477783	-0.00164560717304784	0.0528124466376649
1	-1.16634428934685	0.661011985742689	-0.0117639854482802	-0.187354871908579	-0.0631521380111369	-0.0553444223729747	-0.0847137911852921	0.0495055090198386	-0.0422084972173963	0.0424528961552572	-0.0735469369093647	0.0801413822939991	-0.0786237419849717	-0.0193912874894646	-0.00742286634848793	-0.0569809841861659	0.0380418850910011	-0.0456586591871642	0.0095589932555071	0.0167108763799588
1	-1.22817471392118	0.641262039435629	0.0475456038210137	-0.161662205016079	-0.14547117134581	-0.0511760656037944	0.0377045867057378	-0.0227303480019514	-0.0692016572125354	0.0502726123144508	-0.0384503500873193	0.0376943834921692	-0.13605498693293	0.104386057090117	-0.0646407290349628	-0.0419597695097921	0.0535613384345565	0.00874420326640685	-0.0364594861305947	0.0204036212161471
1	-0.828472002720469	0.191530155859203	0.129120638686316	0.11765267202655	-0.466737634843924	0.142764404790854	-0.122802054539273	0.0688445188277406	-0.0585532910185436	-0.037177495736466	0.0155535888486255	-0.0660056138906013	-0.0563557210939433	-0.0408620463690583	0.0177026201278204	-0.0526310712973102	0.0605404472293539	0.00223966397993185	-0.0258635569723108	0.0150403377402359
1	-0.101098018711098	-0.0985624761735603	-0.0476328634504599	-0.0541232456768549	-0.0556655454148677	-0.0679461916697725	-0.0574875056807946	-0.0606404346654323	-0.0320280301760967	-0.0127939956353732	-0.00910335213726935	-0.0278761285054935	-0.0539965130154308	-0.0530824766226268	-0.0388055728754708	-0.0213905326894514	-0.0248673371552777	-0.0181261071581622	-0.0349835083235188	-0.0356908075202788
1	-0.757166981459996	0.477270063750865	-0.0364238762321334	0.280094057868442	-0.29350442827458	0.101041760004394	-0.207531325468937	0.215945312611057	-0.196630526786448	-0.0528039933286341	-0.102848864921869	0.0618485758614662	-0.0690471526069033	-0.0335769839423203	-0.0627126479649376	0.0782250476395454	-0.0481432958596363	0.0223005359796182	-0.0674502533128484	0.0616823077047566
1	-0.845630582337058	0.547465385655149	-0.0688858169559545	0.285483290423933	-0.314716456472067	0.121703063658967	-0.231200250072581	0.208940387884448	-0.226535004418452	-0.0305667969708302	-0.102673733324552	0.0709952649286311	-0.0706802107689625	-0.0173336660575202	-0.0665409204048844	0.0523305837735022	-0.0559976257176329	0.0350254159903997	-0.0807746046178891	0.0467932342661287
1	-1.62249381591486	1.00081025509416	-0.405431946130586	0.154260348731395	-0.197364208688351	0.169962983332434	-0.038297478808865	0.0481485791733806	-0.102206193259417	0.0638132771067299	-0.0595531737674646	0.150216469884296	-0.178492282416286	0.0733073988903918	0.0104723386209839	-0.00657913977659331	-0.00785564341379113	0.0530559608896427	-0.0241774168194734	-0.00893391494609458
1	-2.03074068646546	1.72052919224809	-1.19933188731959	0.868221799793236	-0.665080635321778	0.63317513835834	-0.316372939785585	0.101402125262289	-0.180800913236273	0.149620436106661	-0.0513595197116351	-0.107571881405669	0.239557550898747	-0.240586553652597	0.267985957522596	-0.274254369152521	0.145395708128277	0.120871341776088	-0.273621245378082	0.141173886321193
1	-1.72803125245753	0.892209574333661	-0.265541612926623	0.183058881996971	-0.104256725298934	0.11079304737995	0.115412241712346	-0.179597533507395	-0.0514004786980421	0.12483983034973	-0.13675099779418	0.08351230072076	0.0117615013458914	-0.0217010735649877	0.0653628418725044	-0.0910363611236992	0.0293889252997951	0.164142955829347	-0.267031282426442	0.125017471106123
1	-2.05634905078203	1.32680081418646	-0.347031061815928	0.31554189744507	-0.312804878422638	-0.0280826359768975	0.427714290987929	-0.411575820301269	0.0478384031161015	0.25026739197359	-0.426616865743529	0.283083180244414	0.0433409253436252	-0.0991697938302092	-0.0325577416474304	0.0163887827621088	0.16879385304532	0.0192561312072322	-0.374202289009587	0.233707258808266
1	-2.12747509965161	1.49182030610229	-0.537381772166765	0.602925751643759	-0.706821586887385	0.218657332589421	0.408097734599351	-0.434707952007893	-0.0330607832553849	0.3502390948374	-0.395218863919495	0.245101395663767	-0.015176069182829	-0.132849640382208	0.142653513931406	-0.127212447500549	0.259189149524985	-0.0401978681413852	-0.361943407319008	0.234779582066728
1	-1.84096890468368	0.835499111710561	0.0454383839049382	0.22357023331053	-0.346928373182095	-0.0598607450803956	0.382127841595461	-0.191864617866655	-0.101911665210094	0.153263509108047	-0.172671606238856	0.114068662953996	0.0630857321437075	-0.172382048980884	0.11240069231906	-0.0113429963994639	0.0980470515786335	0.0800679001356659	-0.378602073055716	0.216657203975844
1	-2.44239855092338	2.21272223962386	-1.28346466257924	1.43746059253185	-1.74376402566944	0.979819427585413	0.125966090886865	-0.221244772443023	-0.464214294283479	0.861326679915067	-0.793941092179321	0.585115052816711	-0.387171430882735	0.168410211924297	0.0850545323020755	-0.384715454683892	0.770737310708669	-0.641129847215972	0.0465653146141364	0.119141820414908
1	-1.87587182273271	0.834053764173126	0.0222175127335604	0.411052085331239	-0.469748293604433	-0.0957377688485705	0.414662352518122	-0.260226413002065	-0.077012809573577	0.280695416384127	-0.214935333419535	0.0140757570484586	0.0462776987403322	-0.0579466477525743	0.0491553611199471	0.0320698596822347	0.168303010491089	-0.121310897597663	-0.280216909696533	0.224388542499975
1	-2.02748940632828	1.15200475477243	-0.246174494421031	0.653361004977079	-0.733199439684051	0.0345616185503148	0.438718716738992	-0.306742992908859	-0.0935058891977246	0.311347427619058	-0.16238849557987	-0.0445655846462907	0.0342885193804823	-0.117661879268036	0.252119176146483	-0.201578208704376	0.348905831779978	-0.220046393097922	-0.27242301002524	0.240734123296171
1	-1.66209059444859	0.501759494017508	0.158846554017186	0.270035742104732	-0.238504738533157	-0.103615929081583	0.167746396959673	-0.107276203878973	-0.00860033529219466	0.13059655291918	-0.0918434342524764	0.0282395118532466	-0.0588100429718902	-0.0951988931168569	0.189282109393116	0.0219744100094559	0.0401406401947706	0.00572738253089319	-0.286062575087592	0.18856600723641
1	-1.41179914500688	0.291854879241182	0.0625828376705172	0.175089025757238	-0.0401603322664183	-0.0397621375780178	0.0173015977303803	-0.0446927972062131	0.0081040249902477	0.0595092104698609	-0.0718504613531653	0.0100741300013041	-0.0296290365331215	-0.0368593312887451	0.167514602612858	-0.00414805615865291	-0.00784263627795514	0.0291078628379557	-0.159251810847707	0.0948308416529176
1	-1.76413450351775	0.640278445866609	0.153131936736736	0.248735741339354	-0.30497903961132	-0.0334346700882994	0.180523559710514	-0.158478119027315	-0.00261122186893433	0.161663752166577	-0.128802153827825	0.0776337901926247	-0.111297446650747	-0.0912028673120732	0.253733947106747	-0.055790992538153	0.0815943347102289	-0.00091529540543156	-0.306780001621736	0.205061710346601
1	-1.48030171136607	0.335597335241503	0.0480281476431748	0.213861274929234	-0.0282824919578204	-0.0919858093054237	0.110578429818842	-0.10770699893703	-0.00760304348347777	0.101387108574799	-0.103221640371516	0.00243568214124441	0.00456211374353305	-0.0553537359985958	0.127545438033587	0.0335198972860134	-0.0243583331059266	0.0448723920535803	-0.166193844205125	0.098012139095285
1	-1.86184619665889	0.816904653211076	0.0234652551807122	0.354370012122363	-0.383033620030173	-0.0196439452666982	0.259487982869857	-0.318424815319068	0.0662979010191757	0.246426518680739	-0.201054560661599	0.0829216174636859	-0.167289459753755	-0.0296266306767426	0.272840689698624	-0.0453348087133117	0.015064612321434	-0.0146339377916433	-0.239944623018307	0.182119586530004
1	-1.59791334571189	0.465130110812658	0.112054612949715	0.173637995657944	-0.0951394786895264	-0.0663830842951505	0.0714333117090712	-0.0791228102901803	0.0122992098685874	0.0771821085222375	-0.0533014226130344	-0.0183253084404851	-0.0535310149059814	-0.0303129124139342	0.159735229447533	0.0246338613483252	0.0198050357826185	-0.00826788605454312	-0.193613223564076	0.126333597507914
1	-1.89658844028073	0.877041109041093	0.00517633123721288	0.326600304583258	-0.352351095512085	-0.0853983695381329	0.289529160156144	-0.196268354721432	-0.0568377831962659	0.199022235829133	-0.0582531974388257	-0.0745818192848804	-0.0719959236243671	0.0407688312121281	0.14100721925797	-0.0356501638937771	0.110705278385845	-0.0914397217351873	-0.189179557172551	0.147919747872157
1	-1.85681637078149	0.813468052643471	-0.0409264505220315	0.390689862616656	-0.240622401578517	-0.171115652999179	0.173758381070529	-0.113689564971538	-0.0641576423742908	0.227710018608601	-0.0124862910993383	-0.133089945982003	-0.0850946564116116	0.0738449396965391	0.057036882143247	0.0388686714018437	0.134347614388543	-0.149629684998371	-0.133800242772516	0.115998660464745
1	-1.97135028799322	1.05969267624627	-0.256921559974557	0.518265752381118	-0.305903007089963	-0.203967826724785	0.353022576228144	-0.256354256454069	-0.111025746606944	0.320157841725574	-0.0841554842992554	-0.0822654176963362	-0.089852820201108	0.111509438178277	0.0462359367333083	-0.0638951266335486	0.233057718487395	-0.193773207828387	-0.115663518498371	0.113422506547332
1	-1.61419276640183	0.59175174757001	-0.168049017510666	0.362682828044643	-0.12685149858385	-0.0335587502366146	0.0768829097994958	-0.0752492948621944	-0.211924453045462	0.25080532925996	0.099494124855222	-0.261363271887047	-0.026952979684569	0.156930694459779	-0.00554403829293997	0.0435829410950465	0.0401245410134821	-0.0539994213998966	0.000523083841718522	-0.0262994127447133
1	-1.57147842261724	0.64943688045816	-0.30512305413179	0.470353309908196	-0.328986212704194	0.13006763747249	0.0444489555357962	0.0200921125650199	-0.315066048987966	0.275804728683778	-0.0398844347639579	-0.0873382978124127	-0.101196385094446	0.172718022561512	0.0680815292496579	-0.0609264268482673	0.0396914088128478	0.00282870595566252	-0.0192616678202959	-0.0236093660148225
1	-1.41862566886698	0.68541609242421	-0.472652337874211	0.392990902047902	-0.266250936849146	0.140159552148459	0.00605434529102734	-0.0384622146552542	-0.0781891794137535	0.087295066034287	-0.111940404340874	0.0302748416178008	-0.0581047726362372	0.111820059343786	0.0140181368756945	-0.0145338815512039	0.0545002504149276	-0.0603455735461705	0.161217887569621	-0.13352294516562
1	-1.52957976359661	0.778696598508895	-0.484279173835467	0.336054506709666	-0.151111392010687	0.090210044560223	0.0312971582179586	-0.0868145926047772	0.00372265433908845	0.0509519735501285	-0.130978737525467	0.0394471520036085	0.0157114288521875	0.0452699605216344	0.000946303080610559	0.00142885627853883	0.0754006235295875	-0.143931366879232	0.257434702504367	-0.174290824160295
1	-1.54455195868634	0.62442515152554	-0.215057251812385	0.133650090671845	0.0478229672919145	0.0208820099065893	-0.0476925507040684	0.0108776057642499	-0.0928462543905194	0.0866128825552926	-0.0502905432710981	-0.077181065982123	0.0877861104785195	0.0154186083833972	-0.0298364634362325	0.0981527546540559	-0.0243398827123347	-0.0677903909150816	0.202864469029108	-0.157344487071223
1	-1.97976373066313	1.19235562381881	-0.555819498506729	0.742370059002899	-0.425764787336454	-0.0707425276443132	0.272652487849601	-0.118995065341009	-0.346472376932287	0.45408643021263	-0.211331185251904	-0.012785010280714	0.0413944396463632	0.0768754159967106	-0.0984670738640857	0.128522888094835	-0.0161637451742632	-0.0488669154685122	-0.0468908437726997	0.0369044104075854
1	-1.84286251549803	0.771310037988187	-0.0729134942169259	0.444029627417806	-0.166800926599148	-0.307179046481	0.359940782744766	-0.249622724035536	-0.161305959548321	0.380392031952995	-0.0797407571976591	-0.115372541913676	-0.0708011599894105	0.0767864052770752	0.0340850009148908	0.105328832044314	0.0992060819396161	-0.256045579149662	0.0110286306956001	0.0571002317407258
1	-1.8263055984857	0.72373088854284	-0.13371396336809	0.591069112328053	-0.202443856601034	-0.204581687073771	0.18790622107088	-0.279436148111008	-0.0722663114098676	0.301162530780391	0.166663588883249	-0.269116970642882	-0.188524042486348	0.168195481845541	0.05869955252007	0.119418087207044	0.0699587881035439	-0.261821552665728	-0.0216318463162188	0.092993681338983
1	-1.70693871305592	0.505608288274266	0.0628508871764114	0.419803347567936	-0.187588091000548	-0.115100817222711	0.174548180876868	-0.201869512488387	-0.124352999245103	0.189457093683266	0.135165342437279	-0.14120280567456	-0.172622897800946	0.164936148645451	0.0476723846884733	0.0262936716730265	0.125432343234734	-0.214273402794849	-0.0590240172416476	0.0995719483952745
1	-1.71913607876546	0.546942157986015	0.167551489277756	0.218238447584159	-0.169794855758071	-0.0659064668297729	0.109944322699293	-0.0780411427375002	-0.0673735160125558	0.0918915168423787	-0.00208430850124041	-0.0229483775980167	-0.0768743914533238	0.0320555646059686	0.0761837463362106	0.0566360364069697	0.0511256216410344	-0.100495926793423	-0.11918001290753	0.107373021663788
1	-1.89153542100779	0.812403981070067	0.145672606130249	0.196949121891599	-0.314473878945638	-0.0246821994220128	0.214020923455608	-0.0886084579754849	-0.224125556168903	0.349534108223236	-0.243667681060259	0.158266756111706	-0.146679819453105	-0.0570638202930413	0.198437237051642	-0.00585276082553332	0.0696663666521474	-0.0855189434343075	-0.174645322488395	0.145586994271355
1	-1.87205648234367	0.75327614121439	0.216619068465428	0.132195749507096	-0.272533851051421	-0.0109175504016562	0.181013704584602	-0.0834704806847067	-0.211874928578495	0.340491315248666	-0.20521205419002	0.0700215646387315	-0.0493388722713167	-0.0727101521899227	0.13031581830751	0.022388775817812	0.128535430297184	-0.163180239843873	-0.130932247934028	0.131031412520843
1	-1.92885017675595	0.776408575387291	0.271332236260197	0.165540791991806	-0.296029863957129	-0.0918371247736134	0.178074306765337	0.053761365625765	-0.398809829879917	0.522647530461571	-0.321412015445362	0.152942650378562	-0.106262289844979	-0.103676518746133	0.222414111899652	-0.0647641837352853	0.192882949447629	-0.19170211948628	-0.166587909993825	0.164335746045037
1	-2.04847580638825	1.02578916031371	0.0697475417442096	0.347025300976225	-0.484095569239842	-0.0257548100658739	0.201728249540658	0.101106250811451	-0.641160959784092	0.927370921559907	-0.586587828550262	0.145589986469684	-0.0796399104485788	-0.0787970637067249	0.309234559372191	-0.204553821511966	0.201321432942719	-0.0433319368065251	-0.348471452531451	0.24127723082176
1	-1.68928147665546	0.441224979627038	0.188585818873916	0.344867262636616	-0.205958324940649	-0.0699050723548531	0.0186641219322533	-0.0152182599756734	-0.124815014194355	0.253467310512773	-0.0916888980541821	-0.0147983617718859	-0.058650489089169	-0.0933579797926591	0.195091277112859	0.0271498182767949	0.0964344889422452	-0.142804690103211	-0.195162158835996	0.17278089044616
1	-1.7743639789395	0.594732463315262	0.0654919004132054	0.461992471148514	-0.341244227166302	0.0803032769697716	-0.0764785845182461	0.0483350481054783	-0.247674113017764	0.320501640018748	-0.0716776622812582	-0.0277018992235638	-0.0195477845872936	-0.126201490458294	0.156605400371354	0.00952052980650742	0.201593814442137	-0.18575318196127	-0.242439873604433	0.20637901823375
1	-1.77130953743579	0.632430814087327	0.00539058725739797	0.496059101330172	-0.428461266910548	0.146676704898479	0.038391520350202	-0.0661694315841714	-0.221993724377645	0.19415242045846	0.0169625325424016	-0.00532519171729135	0.0338894309233065	-0.0887861450548125	0.00465124157544104	0.023355196623391	0.161845200284727	-0.0418303926541551	-0.279310248571854	0.18105172539005
1	-1.78690052429319	0.765844591896473	-0.200261783670439	0.538522690390374	-0.350063429624771	0.176556419039805	0.0129927029654105	-0.159671798024624	-0.173969954578543	0.176977377983399	0.0210944773335429	0.0293676748034945	0.0824866151528129	-0.141824481682683	-0.0355182705440663	0.0500026195374903	0.0637180668063047	0.0880506811038022	-0.268308441042571	0.139778928508584
1	-2.00067818822028	1.40138159168002	-0.930037323932134	1.05243539709295	-0.750524543638148	0.437986854172287	-0.0455889692276395	-0.295849905174455	0.129794527852206	-0.054896952406698	0.0700151948448453	0.00818538782417131	0.178793394769237	-0.300661648679748	0.0430286356790952	0.0801413457620644	0.107850020908737	-0.0301400355363965	-0.241276047055815	0.164624542499251
1	-1.94071480040164	1.41339986047533	-1.08045626322588	1.195738378745	-0.855693827830451	0.472256349280681	-0.0366403976168525	-0.320017413073649	0.143943880972387	0.0577500640076739	-0.0179157891069714	-0.0460852517987804	0.172657692032884	-0.208397632393725	-0.0678039748961604	0.098177774273893	0.179951193651327	-0.0129125116644853	-0.29777591156924	0.169752969648635
1	-1.68493047963852	0.980435222577765	-0.632047541145755	0.534220271804029	-0.194485297850413	0.0340213455466311	0.242163710574562	-0.409401998027756	0.0370488708795343	0.167554344078544	-0.0205205982414549	-0.0173003227213875	-0.0237063067720826	-0.0443643953747481	-0.0363484431478545	0.0574491640540341	0.0730201927363867	0.0657187122993753	-0.177229784135626	0.0682451929372574
1	-1.81040163619541	1.35507999365833	-1.17550766967084	1.04864392308013	-0.514622811525755	0.315568404672011	-0.128688896919358	-0.135565415180632	-0.148641715218691	0.38112669065849	-0.2493600603588	0.240717836423473	-0.273845931076205	0.0558705477968573	-0.0421990290409977	0.0727321417347028	0.124284515387778	-0.0144398138071782	-0.140710177602339	0.0570266029429971
1	-1.89941115577224	1.59925055365211	-1.49830729821551	1.35162982151472	-0.798431744229565	0.719950892556934	-0.660484888294089	0.31832432458794	-0.43316920610151	0.548971768955608	-0.373640800476682	0.408620057793691	-0.503290344980789	0.248033075626506	-0.156115718774023	0.124951862845255	0.12212265855815	0.026574959290952	-0.223144239584223	0.0935852330027449
1	-1.62065263911687	0.929824307693638	-0.694679859216665	0.498724425712308	0.00577025704215189	0.10810279993879	-0.199383730884997	-0.0784513691746896	-0.059407104960615	0.141056578101137	0.0886068682192834	-0.0970107688524674	-0.0965390865995025	-0.0104047562496638	0.0419252141228205	-0.0241681120062156	0.20672294941404	0.0289777911905663	-0.251507956187532	0.101560063648433
1	-1.70542992357167	1.17740073265825	-1.12865024989613	0.970657974376599	-0.329868830181254	0.413532099255668	-0.417218204240019	-0.0477859803083973	-0.0870294355187742	0.177076113827622	0.0773719087662332	-0.0571053770842252	-0.114779242947769	-0.00435024398789111	0.0950679412794672	-0.184449975309028	0.411762654836897	-0.160753909164365	-0.136479803456508	0.0697694853760863
1	-1.61627172067478	0.956906048913494	-0.811591398695099	0.633671500806803	-0.0663335885704455	0.0873148487672473	-0.0431832103260456	-0.234293394710599	-0.0145413342000031	0.191113236367866	-0.0845203595867327	0.0361488271780005	-0.138537164342117	0.0915086426930983	-0.0090764390150923	-0.0770031257667364	0.312928941821972	-0.0840672257810711	-0.203006423732237	0.0917459416260452
1	-1.63425451295042	0.921074308361432	-0.705729983558813	0.730893037246972	-0.405387782676734	0.346704697609416	-0.198553910160488	-0.101158470084975	0.01956110739912	0.079292613625678	-0.0414205118872145	-0.0703252912547826	0.0176194090052704	0.161110762130154	-0.269267473693221	0.186402737257148	0.0229690044579023	0.150110263089899	-0.277547649429055	0.0887789138742105
1	-1.53605590983563	0.486900947389383	-0.129540145365947	0.413627059300428	-0.272482895857418	0.191832362363168	-0.0271341772051439	-0.1443953755721	0.0190153892077249	0.0429745945026742	-0.0226725843803082	0.00262801227064763	0.0319143820175456	-0.0757655010764234	0.0234014659134407	0.0759700743273755	-0.0718348246080703	0.151915597157734	-0.206666969090655	0.0763935530541658
1	-1.69614132449236	0.590321458385165	-0.186034742331604	0.722401438003193	-0.526119089870346	0.233789072693138	-0.0358139704504308	-0.0934687792202748	-0.0690743793772977	0.0039702939598781	0.140623377922986	-0.0157253364338608	0.0150711080915916	-0.22085575287289	0.126080293130386	0.141647311840717	-0.149890506469211	0.21483801549591	-0.32221709338535	0.153550333093636
1	-1.7475096249637	0.493735068504395	0.0512452035108329	0.832079203835883	-0.678740948214344	-0.024919072218214	0.0645270928769291	0.127899502294874	-0.0593523696765422	-0.0989307274973641	0.0119153192659192	0.0941245838732614	-0.0140481014700314	-0.210375115222277	0.253693445688702	0.0425142061037097	-0.0975070988814384	0.0280354694142623	-0.157317995352934	0.119180895178688
1	-1.72422109676296	0.47524219364143	0.158878749262159	0.508670015832399	-0.413088831696413	-0.0551645871938283	0.080430446580022	0.0391666609150351	0.0251009884010509	-0.0926524326380558	-0.0621012307578229	0.106098437747517	-0.0365420968636894	-0.0792760143221685	0.169948067867678	-0.0104574795153179	0.0169111794116044	-0.0656870246644979	-0.114157662184684	0.108790164651224
1	-1.79818093926876	0.613367400742366	0.228656350872125	0.235304197865283	-0.277609051658883	0.0168277058601032	-0.0399581961590789	0.0749965025683314	0.0531849392543976	-0.101334175351023	-0.0102272491970074	0.0287603353442561	-0.0324935340111027	0.010814194606883	0.0594990116073365	0.0149120476025697	-0.000808511216853526	-0.0143708839279223	-0.0880784263680861	0.0633317270970052
1	-2.02406157906604	1.06231479210734	-0.0525705129262075	0.428742926998202	-0.609310776393258	0.182088680500102	0.0229624989176536	0.15335657159975	-0.119753780940025	-0.0619916083962583	-0.00686906363018136	0.0489433623374029	0.0177843263126194	-0.108386220903912	0.0833910777135232	0.123627502814318	-0.0943130595639543	0.0583546659356654	-0.184975745938261	0.110791442352127
1	-1.98699329011622	0.981359737674749	0.115628006811552	0.199181112830784	-0.50867763180132	0.197144496507726	0.0576502113457927	0.0409762885163984	-0.0902508985527394	0.0815287700880758	-0.0619561424302824	-0.0838250690743672	0.0919031351134635	-0.0162719413280182	-0.0797795033465614	0.127159117185295	0.0912450037403812	-0.0578473358167529	-0.166981487955193	0.101339034015842
1	-2.11000748334187	1.20457318581215	-0.00159914628682606	0.31088045720318	-0.724853556553533	0.341263436937649	-0.00612959118223638	0.169876396574177	-0.247580430703263	0.211520623623861	-0.234703324795662	0.0859998765405754	0.000708091790222171	0.0709684250309827	-0.134027471557018	0.0873926799263956	0.112428361851867	-0.0197356834088855	-0.200818640878478	0.1143008250391
1	-2.12786222407623	1.37161768096915	-0.369968333509257	0.561902615020101	-0.685081363040236	0.283373877351478	-0.112320677342862	0.38112583915781	-0.410393109400999	0.227716879188107	-0.305595768854245	0.41264430221944	-0.355540060318289	0.134102525592699	0.037562574086598	-0.0812295022658765	0.213649950769357	-0.0683896042142787	-0.206774873083655	0.1303360559029
1	-1.44371614221211	0.275581392744524	0.138386860678245	0.084564976271958	0.0270105958436673	-0.0335241267792127	0.0060648562548258	0.0444032165455133	-0.0492875061334476	0.0359140163297851	-0.0578291788931932	0.0175665139797727	-0.0288423018487217	0.0261144844037639	0.00420583541867002	0.014531239261451	0.0152427440620099	0.0241939368247272	-0.0468526921030586	0.0197116717692285
1	-1.96596376209053	0.883341362457244	0.262283390541388	0.0730598005819771	-0.338348595333421	0.114326227012473	-0.173112984656312	0.397741690898134	-0.25709916005749	0.0191381319347621	-0.0813898661518774	0.283669282143018	-0.396095183177882	0.168689482991136	0.0787655593532511	0.0135813799212577	0.00962647875830091	0.0059033057776902	-0.194575076725199	0.137281516246188
1	-1.89633577118851	0.673495386409879	0.526837156389905	-0.00660429438682746	-0.489934937184861	0.197221255848818	-0.00449510436717994	0.178870795745382	-0.258567622078443	0.206787359336894	-0.214433038859651	0.193813633106491	-0.118380065092884	-0.0107625669942066	-0.0379266711080709	0.185223705870464	0.0672831785920483	-0.113285398625649	-0.22161690486851	0.189091681095692
1	-1.90976635467457	0.717261117987635	0.482558711819919	0.0973601785997488	-0.710474773897961	0.318533905055272	0.0705254994025751	0.161646632242149	-0.359446482296732	0.236424097445881	-0.239862755347707	0.319331844925525	-0.188554972694575	-0.0244281294696286	-0.0677523579193972	0.256188487890913	0.0447137905897421	-0.166206451647731	-0.14996033917234	0.157050675815662
1	-1.3861913967211	0.308110980263922	0.0718595438798362	0.141811861919453	-0.0845637972171265	-0.00445735303200116	0.0192546154866723	-0.0355219154985024	0.0352915292363052	-0.0142897469762426	0.0298627550606595	-0.00776400413212217	-0.0217385676220205	-0.00437507051078488	-0.0240115939595581	0.0643309593964424	0.0335707670542028	0.0207859392912775	-0.075305573671305	0.0183714305676176
1	-1.76539297401003	0.686086060727295	0.292834887545439	0.294149868578868	-1.22269754726236	0.884829545619507	0.00893011970429423	-0.0948462582313419	-0.310216435237138	0.435050444994439	-0.229920602740065	0.178677544104695	-0.172995745490167	-0.000937336794339032	-0.0255677688824941	0.0893169494992234	0.140299915140303	-0.206745090205817	0.0775954712164916	-0.0197523552380265
1	-1.66830750519127	0.551965233632818	0.428781722484214	0.0824501972830096	-1.08796161051529	0.825562517432539	0.0717024868190181	-0.161557993854087	-0.263099155151383	0.401207464816419	-0.100857204298473	0.069794594482815	-0.162589963174122	-0.0130045379424471	0.0880462004358469	-0.0675424048654375	0.147432034155719	-0.173906415339857	0.135748345468309	-0.0715903778636361
1	-1.57983731016931	0.529377164186537	0.253980816407683	0.0542176203252919	-0.574196545054207	0.378339369656605	-0.0276257253440034	0.0747946767912987	-0.163355737606722	0.0928117040594244	0.0943007112687804	-0.0265728676700061	-0.150475079941693	0.0395165899728767	0.157452041067631	-0.142053723237803	0.0629621739463493	-0.0672282685991972	0.1235407428664	-0.0841922906764461
1	-1.82065165191766	1.04095996045802	-0.0397881033908595	0.00148759820774649	-0.497125662047167	0.426070643877537	-0.0291752936378401	-0.0602066868025658	-0.0617180361242091	0.0711212124071334	0.112689061933356	-0.151580770995649	0.0605746400080098	-0.0380620017875715	0.218532246569529	-0.316114663938707	0.195559063597385	-0.102641527345828	0.133377471703214	-0.0973783209527035
1	-1.82920224552506	1.14028347868128	-0.172372123384953	-0.0424616155150271	-0.241691773015073	0.214926242522439	0.0541500117660688	-0.137067692923603	0.0550722817995349	-0.0713835137868396	0.226250236374946	-0.164176759844777	-0.0358576929563532	0.115446881409553	0.145102850991226	-0.350673870101092	0.242813023859818	-0.100630625568445	0.0719922945966005	-0.0421299369724715
1	-1.96561287923474	1.39497704523777	-0.337582010007745	0.0161082265056571	-0.254561623526888	0.226491350880987	0.0268080567861518	-0.118655309820535	0.0145664079213758	0.0214705594682558	0.145437851738229	-0.173002691707744	0.0253040449134491	0.108711461086317	0.0931719724848751	-0.350646210110501	0.280095892487583	-0.097970889024149	0.0488007548532268	-0.0351845009845347
1	-1.82694325669635	1.32603349968189	-0.529158528012781	0.249760947475774	-0.262689756955092	0.146445207791282	-0.0959170083460673	0.0984895692156999	-0.143822188346668	0.0571699718045438	0.0824037669384686	-0.0899598319599983	0.0770251904699028	-0.0646738109850798	0.13662474718932	-0.0827265822581662	0.00913489972504509	-0.0774489593211473	0.191894835707582	-0.124495632995205
1	-1.17104304023367	0.356135535321469	0.119498009749303	-0.0181560131089208	-0.122786623247365	0.124223839801134	-0.301107489355835	0.320936770661836	-0.362476207086905	0.117625937911043	0.0646503004929774	0.0261039328339927	-0.101940003322542	0.0899220544494731	-0.0863448531076442	0.208521031222829	-0.129310168723177	0.0585325644451392	0.00428485501048049	-0.0367226188531855
1	-0.833706194615305	0.273681409649749	0.0824579600183745	0.060867820025131	-0.128843317834997	0.187174694356137	-0.333136072663798	0.256995519451022	-0.299376612517101	0.0211268601493686	-0.0874234539905707	0.0963477117585719	-0.078120777287873	-0.0257037137229093	-0.00381616595070244	0.0992904648188074	-0.060566085140913	0.0325307336070929	-0.00309377563213901	-0.00223092019051873
1	-0.724399008193681	0.284847790102982	0.0700269407194762	0.135289005139942	-0.108463680519824	0.219797737051308	-0.328040605471534	0.295150570644729	-0.320194770146059	0.00849012736840242	-0.161831060267957	0.0815179061057568	-0.131849803545038	-0.0514319574806642	-0.072827193321791	0.10381066396824	-0.0949848236539539	-0.0272430334063809	-0.0114360310517163	0.0140065109678813
1	-0.721559202687566	0.343555074114165	0.0337927830542995	0.143507012979797	-0.149193381238623	0.256564680142087	-0.327360463415716	0.308779361991612	-0.374884073025003	0.0403921902238836	-0.163740509778674	0.0553694557727626	-0.120783701017956	-0.0730434397119887	-0.0753154968825361	0.110881074725716	-0.116981263183503	-0.0612360572328725	0.0124497247398392	-0.0246415177531463
1	-0.725066197625946	0.355883657306718	-0.00181227898629635	0.149767685728208	-0.172451156676937	0.260853443939453	-0.314678520415251	0.273049216785448	-0.378130297608445	0.0486038821237486	-0.148344929908955	0.023806791694799	-0.0954039307143738	-0.0804162140266427	-0.0438361585756436	0.105125008163082	-0.0899796093624346	-0.093442253195354	0.028470203618078	-0.0453394262247245
1	-0.724610025529506	0.283906309467368	0.0414864688936891	0.121481620747304	-0.234998875357582	0.299974027958442	-0.309590798786416	0.242168068662385	-0.384733761341399	0.1234719048887	-0.174561176842614	-0.00833835971070682	-0.0778800531522248	-0.00948732819846519	-0.0441861811689851	0.110972704225956	-0.100400581880932	-0.0795285763380082	0.027005812426889	-0.038935325089878
1	-0.758871537386193	0.327618939554951	0.00573124316964259	0.184647167170473	-0.297454883111062	0.323076169386908	-0.290313806635245	0.205089817914672	-0.383851023613794	0.190096234424967	-0.262090307883605	0.0630601475374849	-0.108238256424352	0.0449358547320228	-0.127319530010204	0.117243815541786	-0.0726295098270588	-0.0709868018523335	-0.0395159618060164	-0.00327553431000445
1	-0.783743609943412	0.372742624529954	-0.0963883039959668	0.259585487887705	-0.2587285348111	0.246994297011769	-0.280781965032648	0.265025210631283	-0.444663150553871	0.201313630936602	-0.249475975619461	0.0798050511112399	-0.107761790196249	0.0229295353970895	-0.111995392710792	0.114910260486271	-0.121451894233792	-0.00757247253876395	-0.0191444879002289	-0.037986427737036
1	-0.817755620374474	0.4092957183382	-0.107663107029144	0.276377976401505	-0.265423530754083	0.280034415155145	-0.290394722533492	0.242264337663635	-0.403140699998452	0.144648991544457	-0.188393012393896	0.064432389487968	-0.128643493512854	-0.0418251090025801	-0.0424302525553357	0.0912744187632108	-0.094125075506584	-0.0553385121723643	0.0378581785848292	-0.0574091358723052
1	-0.879171140308102	0.476168707935862	-0.133762178078052	0.193720765866673	-0.188044466935294	0.258357820906209	-0.323461186442774	0.314052786656517	-0.473472794766996	0.168466252930709	-0.157809513493271	0.0456425745616317	-0.105598879071921	-0.0251481067249903	-0.089238545795705	0.154868002622096	-0.162179465412369	0.0424308294247122	-0.0247313417195748	-0.0468404027300369
1	-0.906587355184457	0.557085569956631	-0.196781064433722	0.205500172279863	-0.211875985291008	0.304275274187223	-0.350711006720773	0.319004397098016	-0.494832784688816	0.242196805798739	-0.274375666986401	0.149551832985371	-0.16801798363757	0.0175493307556533	-0.112988753697618	0.155699502724045	-0.17179244656535	0.0501814571833719	-0.0205035931990383	-0.0461957389796961
1	-0.85501406182167	0.557213690840994	-0.210209793200284	0.241072586892707	-0.292223481510821	0.372164842737454	-0.41637920107954	0.390460503655572	-0.565346421185805	0.270837717624369	-0.335257014632233	0.197284785823724	-0.205505049689335	0.0562086298427492	-0.138439687060216	0.176922674455329	-0.198100917236472	0.0694600358492327	-0.0591049548932126	-0.0287219829242128
1	-0.833434468648806	0.547908668663556	-0.213532300752455	0.274410438682813	-0.282059656954498	0.320548503117762	-0.369356618998804	0.35696543987211	-0.531404092514947	0.245695755700689	-0.281987474463574	0.112950957091602	-0.155357319089331	0.0163846961656495	-0.098563195915937	0.135043189628713	-0.155020787858949	-0.011584498793483	-0.00924477670227785	-0.044925324995894
1	-0.872054316225775	0.542110165991296	-0.202866707392397	0.238722512444339	-0.24429862495873	0.264950104080642	-0.322860749405645	0.317338014015891	-0.469631162364963	0.150070747511365	-0.165984521940643	-0.00120564302365663	-0.0359366173627327	-0.0477697830894591	-0.0449095428947644	0.142201859228572	-0.135085380499917	-0.0375352432001703	-0.00803015678146791	-0.0352284822588105
1	-0.873411310934968	0.642970982182455	-0.314220249550357	0.336047615094981	-0.254536144266065	0.299175845536478	-0.320284686050129	0.26618670982342	-0.419207197366086	0.119026320717166	-0.193343289262763	-0.00642859366289616	-0.0593209862475653	-0.067173912749969	-0.0233222866729372	0.0713471518879537	-0.132546404640571	0.00494460545134505	-0.0441797405706849	-0.0111253218443362
1	-0.851225322646398	0.655612832648956	-0.315320224494958	0.370505736450832	-0.265663744302016	0.370111986330302	-0.432491882207899	0.385063131464199	-0.514086304314042	0.182574797686779	-0.276648014118215	0.0435540520268648	-0.126616084180619	-0.0336562220331594	-0.125054601475253	0.107334312687773	-0.139617895390746	0.0284335796455332	-0.0243553831935542	-0.0186387527322301
1	-0.879320915912231	0.678067898442939	-0.345221022650438	0.358881300079351	-0.240816405846338	0.347703433409612	-0.427676655359769	0.399236044985782	-0.54514014696439	0.244185465190729	-0.290570765774255	0.0874594832001956	-0.131118300388124	-0.0229913547581225	-0.12440835804075	0.120681470945752	-0.129148940446999	0.005598025529554	0.0128675064377222	-0.0697288514264944
1	-0.911729563693753	0.744993191346606	-0.354905171847328	0.347135811641929	-0.205178633732507	0.291942426063054	-0.357111136532195	0.339933913821038	-0.527924361025745	0.257108307224115	-0.318083849518104	0.0786007717266313	-0.102213897035344	-0.0796122026971227	-0.0871241163990329	0.0701711482926435	-0.101597427980198	0.0281178684251829	0.00866794472141198	-0.0744646683891615
1	-0.903700510858905	0.765487584818951	-0.365327343305705	0.372157379116722	-0.246384356395686	0.336776169505532	-0.419212818899467	0.445716306625437	-0.597727382799041	0.287399896758587	-0.320157521981212	0.0843969473136112	-0.16542219277532	-0.00612545521033105	-0.159991315356276	0.114591734624114	-0.15784958735149	0.0379684243202812	0.00251445741596248	-0.0728348119287326
1	-0.923424072266598	0.747923529192293	-0.345249560228823	0.329164535326898	-0.247432866144418	0.334098970657277	-0.453331266533531	0.508119628263706	-0.664770799540146	0.28350407566756	-0.286005557119731	0.0628301904874921	-0.123935691008955	-0.000755524394859604	-0.164199444520631	0.15642526744853	-0.162735237087855	0.0105650901548644	0.0397808219443306	-0.0714744498765363
1	-0.898546771649503	0.784750850523133	-0.392238872695473	0.350120697402992	-0.263577762558664	0.35908560510669	-0.422289305183883	0.460681506191789	-0.660621479447419	0.288154747205063	-0.339892800262235	0.0496397221689777	-0.0840108985334702	-0.014725855850239	-0.177498915154352	0.171199857385268	-0.149042144182322	-0.0181391005292749	0.0536526977435211	-0.0762011697179912
1	-1.00340350497034	0.870699369321029	-0.507546484335948	0.411207944672307	-0.318612913166546	0.365394589324735	-0.401582272596761	0.428835072825992	-0.668972994230478	0.363504134235451	-0.386347817011858	0.163726659836363	-0.153065238367909	0.0813578917722334	-0.235162819919132	0.224789023061605	-0.193358492552018	0.0624335776077538	-0.0164867562962612	-0.0716271310556747
1	-1.00858283430341	0.868266707057868	-0.519658798574331	0.400906861008373	-0.297215356788517	0.299581643244362	-0.290713981323474	0.277429004233543	-0.435543584286801	0.159979370313357	-0.229919675955235	0.0690191152806497	-0.126111259639524	0.0433475237205065	-0.130772179150122	0.11466057426539	-0.123829131072725	0.051840620499016	-0.096161611393066	-0.0123647177759308
1	-1.08350101465094	0.981671017861161	-0.537899947381948	0.370103722712826	-0.273539288887936	0.276182939652984	-0.236271296516873	0.253571920199327	-0.464992016708679	0.230879468177356	-0.243864843201303	0.0785939868487548	-0.211213278868667	0.103311206809747	-0.14934175001639	0.10159515833369	-0.141690688065583	0.111495310123481	-0.109595144092165	-0.0486854494116122
1	-1.25842941241276	1.04566000303599	-0.651652286517763	0.325610716994817	-0.294644922317391	0.0563489018960208	0.0444887888025276	-0.0828714721769248	0.0135565281122755	-0.0410769263095759	0.0772940325930665	-0.133695901253578	0.00783620571275787	0.0521987246407638	-0.0500691497725931	-0.0846847843935675	0.0954604075905429	0.0250947294208667	-0.0200430875399327	-0.00425150693390633
